grid_2_rotate = {
    (1, 1): (1, 2),
    (2, 1): (1, 1),
    (1, 2): (2, 2),
    (2, 2): (2, 1)
}

grid_2_h_flip = {
    (1, 1): (1, 2),
    (1, 2): (1, 1),
    (2, 1): (2, 2),
    (2, 2): (2, 1)
}

grid_2_v_flip = {
    (1, 1): (2, 1),
    (2, 1): (1, 1),
    (1, 2): (2, 2),
    (2, 2): (1, 2)
}

grid_3_rotate = {
    (1, 1): (1, 3),
    (1, 2): (2, 3),
    (1, 3): (3, 3),
    (2, 1): (1, 2),
    (2, 3): (3, 2),
    (3, 1): (1, 1),
    (3, 2): (2, 1),
    (3, 3): (3, 1),
    (2, 2): (2, 2)
}

grid_3_h_flip = {
    (1, 1): (1, 3),
    (1, 3): (1, 1),

    (1, 2): (1, 2),
    (2, 2): (2, 2),
    (3, 2): (3, 2),

    (2, 1): (2, 3),
    (2, 3): (2, 1),

    (3, 1): (3, 3),
    (3, 3): (3, 1),
}

grid_3_v_flip = {
    (1, 1): (3, 1),
    (3, 1): (1, 1),

    (2, 1): (2, 1),
    (2, 2): (2, 2),
    (2, 3): (2, 3),

    (1, 3): (3, 3),
    (3, 3): (1, 3),

    (1, 2): (3, 2),
    (3, 2): (1, 2),
}
