grid_2_rotate = {
    (0, 0): (0, 1),
    (1, 0): (0, 0),
    (0, 1): (1, 1),
    (1, 1): (1, 0)
}

grid_2_h_flip = {
    (0, 0): (0, 1),
    (0, 1): (0, 0),
    (1, 0): (1, 1),
    (1, 1): (1, 0)
}

grid_2_v_flip = {
    (0, 0): (1, 0),
    (1, 0): (0, 0),
    (0, 1): (1, 1),
    (1, 1): (0, 1)
}

grid_3_rotate = {
    (0, 0): (0, 2),
    (0, 1): (1, 2),
    (0, 2): (2, 2),
    (1, 0): (0, 1),
    (1, 2): (2, 1),
    (2, 0): (0, 0),
    (2, 1): (1, 0),
    (2, 2): (2, 0),
    (1, 1): (1, 1)
}

grid_3_h_flip = {
    (0, 0): (0, 2),
    (0, 2): (0, 0),

    (0, 1): (0, 1),
    (1, 1): (1, 1),
    (2, 1): (2, 1),

    (1, 0): (1, 2),
    (1, 2): (1, 0),

    (2, 0): (2, 2),
    (2, 2): (2, 0),
}

grid_3_v_flip = {
    (0, 0): (2, 0),
    (2, 0): (0, 0),

    (1, 0): (1, 0),
    (1, 1): (1, 1),
    (1, 2): (1, 2),

    (0, 2): (2, 2),
    (2, 2): (0, 2),

    (0, 1): (2, 1),
    (2, 1): (0, 1),
}
